179.712 490.036  189.823 492.606  200.736 500.665  200.736 512.212
200.736 512.212  200.736 519.796  197.136 525.940  189.936 530.644
189.936 530.644  183.696 534.772  176.592 536.836  168.624 536.836
168.624 536.836  155.484 536.836  129.204 536.836  116.064 536.836
116.064 536.836  116.064 535.432  116.064 532.624  116.064 531.220
116.064 531.220  117.072 531.220  119.088 531.220  120.096 531.220
120.096 531.220  125.088 531.220  128.112 530.860  129.168 530.140
129.168 530.140  130.224 529.420  130.752 527.764  130.752 525.172
130.752 525.172  130.752 506.416  130.752 468.904  130.752 450.148
130.752 450.148  130.752 447.556  130.224 445.900  129.168 445.180
129.168 445.180  128.112 444.460  125.088 444.100  120.096 444.100
120.096 444.100  119.088 444.100  117.072 444.100  116.064 444.100
116.064 444.100  116.064 442.696  116.064 439.888  116.064 438.484
116.064 438.484  130.140 438.484  158.292 438.484  172.368 438.484
172.368 438.484  180.624 438.484  187.920 440.788  194.256 445.396
194.256 445.396  201.168 450.484  204.624 457.060  204.624 465.124
204.624 465.124  204.624 478.461  191.918 487.736  179.712 490.036
179.712 490.036  179.712 490.036  179.712 490.036  179.712 490.036
185.904 512.212  185.904 500.104  175.839 491.764  163.728 491.764
163.728 491.764  158.724 491.764  148.716 491.764  143.712 491.764
143.712 491.764  143.712 500.368  143.712 517.576  143.712 526.180
143.712 526.180  143.712 531.306  144.394 531.220  150.048 531.220
150.048 531.220  154.440 531.220  163.224 531.220  167.616 531.220
167.616 531.220  178.312 531.220  185.904 522.889  185.904 512.212
185.904 512.212  185.904 512.212  185.904 512.212  185.904 512.212
189.216 465.268  189.216 464.332  189.216 462.460  189.216 461.524
189.216 461.524  188.928 458.164  187.008 454.516  183.456 450.580
183.456 450.580  179.712 446.260  174.480 444.100  167.760 444.100
167.760 444.100  163.332 444.100  154.476 444.100  150.048 444.100
150.048 444.100  144.394 444.100  143.712 444.013  143.712 449.140
143.712 449.140  143.712 458.716  143.712 477.868  143.712 487.444
143.712 487.444  150.228 487.444  163.260 487.444  169.776 487.444
169.776 487.444  181.470 487.444  189.216 477.383  189.216 465.268
189.216 465.268  189.216 465.268  189.216 465.268  189.216 465.268

259.200 536.548  257.472 536.548  255.936 535.684  254.592 533.956
254.592 533.956  250.380 528.592  241.956 517.864  237.744 512.500
237.744 512.500  238.500 511.708  240.012 510.124  240.768 509.332
240.768 509.332  246.096 513.616  256.752 522.184  262.080 526.468
262.080 526.468  263.808 527.812  264.672 529.348  264.672 531.076
264.672 531.076  264.672 533.926  262.050 536.548  259.200 536.548
259.200 536.548  259.200 536.548  259.200 536.548  259.200 536.548
272.592 474.628  272.592 491.179  263.009 502.996  246.816 502.996
246.816 502.996  238.176 502.996  230.928 499.636  225.072 492.916
225.072 492.916  219.600 486.580  216.864 478.996  216.864 470.164
216.864 470.164  216.864 461.140  219.888 453.340  225.936 446.764
225.936 446.764  231.984 440.188  239.472 436.900  248.400 436.900
248.400 436.900  256.656 436.900  262.944 439.732  267.264 445.396
267.264 445.396  270.816 450.100  272.592 453.604  272.592 455.908
272.592 455.908  272.592 457.348  271.776 458.068  270.144 458.068
270.144 458.068  268.992 458.068  268.224 457.300  267.840 455.764
267.840 455.764  264.672 446.260  258.480 441.508  249.264 441.508
249.264 441.508  242.832 441.508  237.696 444.580  233.856 450.724
233.856 450.724  231.168 455.140  229.776 461.956  229.680 471.172
229.680 471.172  239.400 471.172  258.840 471.172  268.560 471.172
268.560 471.172  271.771 471.172  272.592 471.463  272.592 474.628
272.592 474.628  272.592 474.628  272.592 474.628  272.592 474.628
259.776 488.740  261.312 483.940  262.080 479.428  262.080 475.204
262.080 475.204  254.016 475.204  237.888 475.204  229.824 475.204
229.824 475.204  230.304 484.708  232.704 491.140  237.024 494.500
237.024 494.500  240.576 497.380  243.840 498.820  246.816 498.820
246.816 498.820  253.248 498.820  257.568 495.460  259.776 488.740
259.776 488.740  259.776 488.740  259.776 488.740  259.776 488.740

284.976 438.484  296.748 438.484  320.292 438.484  332.064 438.484
332.064 438.484  332.676 445.360  333.900 459.112  334.512 465.988
334.512 465.988  333.360 465.988  331.056 465.988  329.904 465.988
329.904 465.988  329.232 457.060  327.624 451.012  325.080 447.844
325.080 447.844  322.536 444.676  317.472 443.092  309.888 443.092
309.888 443.092  306.000 443.092  298.224 443.092  294.336 443.092
294.336 443.092  303.948 456.160  323.172 482.296  332.784 495.364
332.784 495.364  333.744 496.612  334.224 497.524  334.224 498.100
334.224 498.100  334.224 499.732  332.832 500.548  330.048 500.548
330.048 500.548  318.636 500.548  295.812 500.548  284.400 500.548
284.400 500.548  283.968 494.572  283.104 482.620  282.672 476.644
282.672 476.644  283.860 476.644  286.236 476.644  287.424 476.644
287.424 476.644  287.904 484.516  289.296 489.772  291.600 492.412
291.600 492.412  293.904 495.052  298.656 496.372  305.856 496.372
305.856 496.372  309.600 496.372  317.088 496.372  320.832 496.372
320.832 496.372  311.184 483.268  291.888 457.060  282.240 443.956
282.240 443.956  281.280 442.708  280.800 441.748  280.800 441.076
280.800 441.076  280.800 438.652  281.812 438.484  284.976 438.484
284.976 438.484  284.976 438.484  284.976 438.484  284.976 438.484

368.640 525.028  368.640 529.406  365.102 533.092  360.720 533.092
360.720 533.092  356.342 533.092  352.656 529.406  352.656 525.028
352.656 525.028  352.656 520.732  356.318 516.820  360.576 516.820
360.576 516.820  365.031 516.820  368.640 520.531  368.640 525.028
368.640 525.028  368.640 525.028  368.640 525.028  368.640 525.028
361.296 438.916  365.040 438.808  372.528 438.592  376.272 438.484
376.272 438.484  376.272 439.888  376.272 442.696  376.272 444.100
376.272 444.100  371.472 444.100  368.664 444.388  367.848 444.964
367.848 444.964  367.032 445.540  366.624 447.124  366.624 449.716
366.624 449.716  366.624 462.928  366.624 489.352  366.624 502.564
366.624 502.564  361.476 502.132  351.180 501.268  346.032 500.836
346.032 500.836  346.032 499.468  346.032 496.732  346.032 495.364
346.032 495.364  350.832 495.364  353.736 494.980  354.744 494.212
354.744 494.212  355.752 493.444  356.256 491.428  356.256 488.164
356.256 488.164  356.256 478.588  356.256 459.436  356.256 449.860
356.256 449.860  356.256 447.076  355.752 445.420  354.744 444.892
354.744 444.892  353.736 444.364  350.640 444.100  345.456 444.100
345.456 444.100  345.456 442.696  345.456 439.888  345.456 438.484
345.456 438.484  349.416 438.592  357.336 438.808  361.296 438.916

440.496 474.628  440.496 491.179  430.913 502.996  414.720 502.996
414.720 502.996  406.080 502.996  398.832 499.636  392.976 492.916
392.976 492.916  387.504 486.580  384.768 478.996  384.768 470.164
384.768 470.164  384.768 461.140  387.792 453.340  393.840 446.764
393.840 446.764  399.888 440.188  407.376 436.900  416.304 436.900
416.304 436.900  424.560 436.900  430.848 439.732  435.168 445.396
435.168 445.396  438.720 450.100  440.496 453.604  440.496 455.908
440.496 455.908  440.496 457.348  439.680 458.068  438.048 458.068
438.048 458.068  436.896 458.068  436.128 457.300  435.744 455.764
435.744 455.764  432.576 446.260  426.384 441.508  417.168 441.508
417.168 441.508  410.736 441.508  405.600 444.580  401.760 450.724
401.760 450.724  399.072 455.140  397.680 461.956  397.584 471.172
397.584 471.172  407.304 471.172  426.744 471.172  436.464 471.172
436.464 471.172  439.675 471.172  440.496 471.463  440.496 474.628
440.496 474.628  440.496 474.628  440.496 474.628  440.496 474.628
427.680 488.740  429.216 483.940  429.984 479.428  429.984 475.204
429.984 475.204  421.920 475.204  405.792 475.204  397.728 475.204
397.728 475.204  398.208 484.708  400.608 491.140  404.928 494.500
404.928 494.500  408.480 497.380  411.744 498.820  414.720 498.820
414.720 498.820  421.152 498.820  425.472 495.460  427.680 488.740
427.680 488.740  427.680 488.740  427.680 488.740  427.680 488.740

497.088 492.916  497.088 498.530  491.760 502.132  486.144 502.132
486.144 502.132  478.752 502.132  473.184 497.764  469.440 489.028
469.440 489.028  469.440 492.304  469.440 498.856  469.440 502.132
469.440 502.132  464.256 501.736  453.888 500.944  448.704 500.548
448.704 500.548  448.704 499.180  448.704 496.444  448.704 495.076
448.704 495.076  453.792 495.076  456.888 494.668  457.992 493.852
457.992 493.852  459.096 493.036  459.648 490.996  459.648 487.732
459.648 487.732  459.648 478.264  459.648 459.328  459.648 449.860
459.648 449.860  459.648 447.076  459.144 445.396  458.136 444.820
458.136 444.820  457.128 444.244  453.984 443.956  448.704 443.956
448.704 443.956  448.704 442.588  448.704 439.852  448.704 438.484
448.704 438.484  452.844 438.592  461.124 438.808  465.264 438.916
465.264 438.916  471.312 439.108  477.456 438.964  483.696 438.484
483.696 438.484  483.696 439.852  483.696 442.588  483.696 443.956
483.696 443.956  482.832 443.956  481.104 443.956  480.240 443.956
480.240 443.956  475.440 443.956  472.536 444.340  471.528 445.108
471.528 445.108  470.520 445.876  470.016 447.556  470.016 450.148
470.016 450.148  470.016 455.584  470.016 466.456  470.016 471.892
470.016 471.892  470.016 478.132  471.120 483.652  473.328 488.452
473.328 488.452  476.208 494.692  480.432 497.860  486.000 497.956
486.000 497.956  484.560 496.516  483.840 494.788  483.840 492.772
483.840 492.772  483.840 488.356  486.048 486.148  490.464 486.148
490.464 486.148  494.281 486.148  497.088 489.102  497.088 492.916
497.088 492.916  497.088 492.916  497.088 492.916  497.088 492.916

185.184 366.276  185.184 374.700  185.184 391.548  185.184 399.972
185.184 399.972  185.184 402.660  184.464 404.004  183.024 404.004
183.024 404.004  182.064 404.004  181.152 403.332  180.288 401.988
180.288 401.988  178.596 399.504  175.212 394.536  173.520 392.052
173.520 392.052  169.200 396.468  164.544 399.684  159.552 401.700
159.552 401.700  155.808 403.236  151.776 404.004  147.456 404.004
147.456 404.004  133.440 404.004  121.608 398.844  111.960 388.524
111.960 388.524  102.312 378.204  97.488 365.940  97.488 351.732
97.488 351.732  97.488 337.428  102.240 325.188  111.744 315.012
111.744 315.012  121.440 304.548  133.344 299.316  147.456 299.316
147.456 299.316  157.728 299.316  166.584 302.916  174.024 310.116
174.024 310.116  181.464 317.316  185.184 326.004  185.184 336.180
185.184 336.180  185.184 338.196  184.368 339.204  182.736 339.204
182.736 339.204  181.296 339.204  180.576 338.580  180.576 337.332
180.576 337.332  180.576 337.140  180.528 336.852  180.432 336.468
180.432 336.468  179.504 319.206  167.185 304.932  149.184 304.932
149.184 304.932  143.904 304.932  138.480 306.372  132.912 309.252
132.912 309.252  119.608 316.443  113.328 330.240  113.328 351.588
113.328 351.588  113.328 371.815  120.417 387.352  132.912 394.068
132.912 394.068  138.480 396.948  143.856 398.388  149.040 398.388
149.040 398.388  166.904 398.388  177.058 382.154  179.568 365.124
179.568 365.124  179.760 363.204  180.672 362.244  182.304 362.244
182.304 362.244  185.134 362.244  185.184 363.354  185.184 366.276
185.184 366.276  185.184 366.276  185.184 366.276  185.184 366.276

231.840 305.076  221.949 305.076  220.032 309.196  220.032 318.612
220.032 318.612  220.032 330.492  220.032 354.252  220.032 366.132
220.032 366.132  214.524 365.736  203.508 364.944  198.000 364.548
198.000 364.548  198.000 363.180  198.000 360.444  198.000 359.076
198.000 359.076  203.664 359.076  206.928 358.572  207.792 357.564
207.792 357.564  208.656 356.556  209.088 352.884  209.088 346.548
209.088 346.548  209.088 341.256  209.088 330.672  209.088 325.380
209.088 325.380  209.088 319.812  209.568 315.396  210.528 312.132
210.528 312.132  212.744 304.692  220.556 300.900  231.120 300.900
231.120 300.900  238.896 300.900  244.800 304.548  248.832 311.844
248.832 311.844  248.832 309.108  248.832 303.636  248.832 300.900
248.832 300.900  254.232 301.296  265.032 302.088  270.432 302.484
270.432 302.484  270.432 303.852  270.432 306.588  270.432 307.956
270.432 307.956  265.248 307.956  262.104 308.364  261.000 309.180
261.000 309.180  259.896 309.996  259.344 312.036  259.344 315.300
259.344 315.300  259.344 328.008  259.344 353.424  259.344 366.132
259.344 366.132  253.872 365.736  242.928 364.944  237.456 364.548
237.456 364.548  237.456 363.180  237.456 360.444  237.456 359.076
237.456 359.076  242.544 359.076  245.640 358.668  246.744 357.852
246.744 357.852  247.848 357.036  248.400 354.996  248.400 351.732
248.400 351.732  248.400 345.432  248.400 332.832  248.400 326.532
248.400 326.532  248.400 315.213  242.411 305.076  231.840 305.076
231.840 305.076  231.840 305.076  231.840 305.076  231.840 305.076

325.872 356.916  325.872 362.530  320.544 366.132  314.928 366.132
314.928 366.132  307.536 366.132  301.968 361.764  298.224 353.028
298.224 353.028  298.224 356.304  298.224 362.856  298.224 366.132
298.224 366.132  293.040 365.736  282.672 364.944  277.488 364.548
277.488 364.548  277.488 363.180  277.488 360.444  277.488 359.076
277.488 359.076  282.576 359.076  285.672 358.668  286.776 357.852
286.776 357.852  287.880 357.036  288.432 354.996  288.432 351.732
288.432 351.732  288.432 342.264  288.432 323.328  288.432 313.860
288.432 313.860  288.432 311.076  287.928 309.396  286.920 308.820
286.920 308.820  285.912 308.244  282.768 307.956  277.488 307.956
277.488 307.956  277.488 306.588  277.488 303.852  277.488 302.484
277.488 302.484  281.628 302.592  289.908 302.808  294.048 302.916
294.048 302.916  300.096 303.108  306.240 302.964  312.480 302.484
312.480 302.484  312.480 303.852  312.480 306.588  312.480 307.956
312.480 307.956  311.616 307.956  309.888 307.956  309.024 307.956
309.024 307.956  304.224 307.956  301.320 308.340  300.312 309.108
300.312 309.108  299.304 309.876  298.800 311.556  298.800 314.148
298.800 314.148  298.800 319.584  298.800 330.456  298.800 335.892
298.800 335.892  298.800 342.132  299.904 347.652  302.112 352.452
302.112 352.452  304.992 358.692  309.216 361.860  314.784 361.956
314.784 361.956  313.344 360.516  312.624 358.788  312.624 356.772
312.624 356.772  312.624 352.356  314.832 350.148  319.248 350.148
319.248 350.148  323.065 350.148  325.872 353.102  325.872 356.916
325.872 356.916  325.872 356.916  325.872 356.916  325.872 356.916

385.776 353.460  385.776 352.788  385.488 351.732  384.912 350.292
384.912 350.292  381.456 341.616  374.544 324.264  371.088 315.588
371.088 315.588  367.236 325.128  359.532 344.208  355.680 353.748
355.680 353.748  355.104 355.092  354.816 355.812  354.816 355.908
354.816 355.908  354.816 358.020  357.552 359.076  363.024 359.076
363.024 359.076  363.024 360.444  363.024 363.180  363.024 364.548
363.024 364.548  358.992 364.440  350.928 364.224  346.896 364.116
346.896 364.116  343.440 364.020  338.688 364.164  332.640 364.548
332.640 364.548  332.640 363.180  332.640 360.444  332.640 359.076
332.640 359.076  340.736 359.076  342.006 359.316  344.016 354.180
344.016 354.180  349.128 341.616  359.352 316.488  364.464 303.924
364.464 303.924  365.232 301.908  366.384 300.900  367.920 300.900
367.920 300.900  369.456 300.900  370.608 301.908  371.376 303.924
371.376 303.924  376.020 315.408  385.308 338.376  389.952 349.860
389.952 349.860  390.528 351.396  391.152 352.740  391.824 353.892
391.824 353.892  393.840 357.348  397.584 359.076  403.056 359.076
403.056 359.076  403.056 360.444  403.056 363.180  403.056 364.548
403.056 364.548  398.352 364.164  394.608 364.020  391.824 364.116
391.824 364.116  388.620 364.224  382.212 364.440  379.008 364.548
379.008 364.548  379.008 363.180  379.008 360.444  379.008 359.076
379.008 359.076  383.174 358.916  385.776 357.258  385.776 353.460
385.776 353.460  385.776 353.460  385.776 353.460  385.776 353.460

461.664 338.628  461.664 355.179  452.081 366.996  435.888 366.996
435.888 366.996  427.248 366.996  420.000 363.636  414.144 356.916
414.144 356.916  408.672 350.580  405.936 342.996  405.936 334.164
405.936 334.164  405.936 325.140  408.960 317.340  415.008 310.764
415.008 310.764  421.056 304.188  428.544 300.900  437.472 300.900
437.472 300.900  445.728 300.900  452.016 303.732  456.336 309.396
456.336 309.396  459.888 314.100  461.664 317.604  461.664 319.908
461.664 319.908  461.664 321.348  460.848 322.068  459.216 322.068
459.216 322.068  458.064 322.068  457.296 321.300  456.912 319.764
456.912 319.764  453.744 310.260  447.552 305.508  438.336 305.508
438.336 305.508  431.904 305.508  426.768 308.580  422.928 314.724
422.928 314.724  420.240 319.140  418.848 325.956  418.752 335.172
418.752 335.172  428.472 335.172  447.912 335.172  457.632 335.172
457.632 335.172  460.843 335.172  461.664 335.463  461.664 338.628
461.664 338.628  461.664 338.628  461.664 338.628  461.664 338.628
448.848 352.740  450.384 347.940  451.152 343.428  451.152 339.204
451.152 339.204  443.088 339.204  426.960 339.204  418.896 339.204
418.896 339.204  419.376 348.708  421.776 355.140  426.096 358.500
426.096 358.500  429.648 361.380  432.912 362.820  435.888 362.820
435.888 362.820  442.320 362.820  446.640 359.460  448.848 352.740
448.848 352.740  448.848 352.740  448.848 352.740  448.848 352.740

517.680 321.204  517.680 332.148  510.240 339.060  495.360 341.940
495.360 341.940  488.640 343.284  484.152 344.772  481.896 346.404
481.896 346.404  479.640 348.036  478.512 350.244  478.512 353.028
478.512 353.028  478.512 359.748  483.552 363.108  493.632 363.108
493.632 363.108  503.424 363.108  508.704 357.588  509.472 346.548
509.472 346.548  509.568 345.396  510.336 344.820  511.776 344.820
511.776 344.820  513.408 344.820  514.224 346.116  514.224 348.708
514.224 348.708  514.224 352.272  514.224 359.400  514.224 362.964
514.224 362.964  514.224 365.652  513.504 366.996  512.064 366.996
512.064 366.996  510.496 366.996  508.382 364.420  506.880 363.252
506.880 363.252  503.232 365.748  498.816 366.996  493.632 366.996
493.632 366.996  480.762 366.996  470.592 361.192  470.592 348.996
470.592 348.996  470.592 344.100  472.656 339.972  476.784 336.612
476.784 336.612  481.858 332.383  486.586 331.619  495.648 329.988
495.648 329.988  505.056 328.164  509.760 323.988  509.760 317.460
509.760 317.460  509.760 309.204  504.672 305.076  494.496 305.076
494.496 305.076  484.608 305.076  478.272 311.652  475.488 324.804
475.488 324.804  475.104 326.724  474.288 327.684  473.040 327.684
473.040 327.684  471.408 327.684  470.592 326.292  470.592 323.508
470.592 323.508  470.592 318.864  470.592 309.576  470.592 304.932
470.592 304.932  470.592 302.244  471.312 300.900  472.752 300.900
472.752 300.900  473.136 300.900  473.880 301.380  474.984 302.340
474.984 302.340  477.598 304.613  476.459 304.175  479.088 306.804
479.088 306.804  483.312 302.868  488.448 300.900  494.496 300.900
494.496 300.900  508.158 300.900  517.680 308.001  517.680 321.204
517.680 321.204  517.680 321.204  517.680 321.204  517.680 321.204
